pika_runningInput/oriworld.asc
ncols         183
nrows         161
xllcorner     -1141357.7771151
yllcorner     -238226.29625821
cellsize      18431.160123539
NODATA_value  -9999
[rows 46 to 91 of 161, columns 0 to 95 of 183]
-9999 -9999 -9999 -9999 -9999 -9999 -9999 -9999 -9999 -9999 -9999 -9999 -9999 -9999 -9999 -9999 -9999 -9999 -9999 -9999 -9999 -9999 -9999 -9999 -9999 -9999 -9999 7 7 7 7 7 7 7 60 62 62 54 22 22 22 67 22 49 53 49 56 56 46 63 63 63 63 62 5 5 7 59 58 5 7 63 7 7 7 7 6 7 6 6 6 58 58 6 7 7 7 5 7 7 7 7 7 7 7 7 7 7 7 7 6 7 6 6 2 3
-9999 -9999 -9999 -9999 -9999 -9999 -9999 -9999 -9999 -9999 -9999 -9999 -9999 -9999 -9999 -9999 -9999 -9999 -9999 -9999 -9999 -9999 -9999 -9999 -9999 -9999 -9999 7 7 7 7 5 7 7 6 63 60 54 49 49 22 22 22 60 54 49 49 53 63 62 62 63 62 60 60 59 61 59 59 5 4 6 5 5 7 7 7 7 7 6 7 51 58 5 6 7 7 7 6 7 7 7 7 7 7 7 7 7 7 7 7 7 6 7 4 4
-9999 -9999 -9999 -9999 -9999 -9999 -9999 -9999 -9999 -9999 -9999 -9999 -9999 -9999 -9999 -9999 -9999 -9999 -9999 -9999 -9999 -9999 -9999 -9999 -9999 -9999 -9999 7 7 7 4 4 5 6 5 59 61 60 49 49 49 49 58 58 58 61 63 54 54 63 62 62 63 61 60 58 59 58 6 6 7 7 7 7 7 7 7 7 7 6 6 59 7 7 7 7 7 5 3 4 7 7 7 7 7 7 7 7 7 7 7 7 7 5 5 6
-9999 -9999 -9999 -9999 -9999 -9999 -9999 -9999 -9999 -9999 -9999 -9999 -9999 -9999 -9999 -9999 -9999 -9999 -9999 -9999 -9999 -9999 -9999 -9999 -9999 -9999 7 7 3 2 5 61 61 6 61 59 60 59 54 51 51 49 58 60 59 61 63 54 56 62 63 62 62 61 51 59 59 59 59 4 7 7 7 6 7 7 7 7 7 4 59 7 7 7 7 7 7 7 6 7 7 7 7 7 7 7 7 7 7 7 7 7 7 5 7 59
-9999 -9999 -9999 -9999 -9999 -9999 -9999 -9999 -9999 -9999 -9999 -9999 -9999 -9999 -9999 -9999 -9999 -9999 -9999 -9999 -9999 -9999 -9999 -9999 -9999 -9999 7 58 61 62 5 61 61 60 60 61 51 51 51 52 52 52 59 59 59 60 61 56 56 61 63 61 59 6 6 6 6 54 60 7 6 5 6 7 7 6 7 7 7 59 5 7 4 7 7 7 58 7 7 5 7 7 7 7 7 7 7 7 7 7 6 7 7 6 7 67
-9999 -9999 -9999 -9999 -9999 -9999 -9999 -9999 -9999 -9999 -9999 -9999 -9999 -9999 -9999 -9999 -9999 -9999 -9999 -9999 -9999 -9999 -9999 -9999 -9999 -9999 7 7 58 4 4 5 6 60 60 60 62 54 54 53 62 52 58 60 58 58 59 61 56 60 54 60 6 5 6 7 6 6 60 4 6 7 5 7 7 4 7 59 6 51 6 7 7 7 6 49 54 56 62 4 7 5 7 7 6 7 7 4 7 7 7 6 6 7 6 67
-9999 -9999 -9999 -9999 -9999 -9999 -9999 -9999 -9999 -9999 -9999 -9999 -9999 -9999 -9999 -9999 -9999 -9999 -9999 -9999 -9999 -9999 -9999 -9999 -9999 -9999 7 7 7 4 7 5 4 10 4 63 54 51 56 53 55 54 58 51 59 58 59 59 60 54 61 61 5 5 7 7 6 7 6 5 7 7 5 7 4 60 60 54 51 20 19 4 7 7 7 49 49 60 5 5 10 4 3 5 7 7 7 7 7 7 7 3 6 7 67 22
-9999 -9999 -9999 -9999 -9999 -9999 -9999 -9999 -9999 -9999 -9999 -9999 -9999 -9999 -9999 -9999 -9999 -9999 -9999 -9999 -9999 -9999 -9999 -9999 -9999 -9999 7 7 7 4 1 2 3 4 61 53 53 53 56 56 55 56 64 54 59 60 61 61 63 61 53 59 6 6 7 7 6 6 61 6 4 3 6 6 5 6 58 58 49 54 53 58 6 59 59 22 7 5 60 61 4 53 61 4 4 7 7 5 6 3 4 5 7 7 58 58
-9999 -9999 -9999 -9999 -9999 -9999 -9999 -9999 -9999 -9999 -9999 -9999 -9999 -9999 -9999 -9999 -9999 -9999 -9999 -9999 -9999 -9999 -9999 -9999 -9999 7 7 7 7 7 9 2 64 1 64 46 64 60 51 55 55 59 63 60 58 59 60 61 56 54 54 59 6 7 6 7 6 60 62 5 5 5 4 4 6 60 58 58 54 7 7 60 52 12 52 7 7 5 6 6 7 3 1 7 3 4 3 1 65 6 6 6 7 6 7 49
-9999 -9999 -9999 -9999 -9999 -9999 -9999 -9999 -9999 -9999 -9999 -9999 -9999 -9999 -9999 -9999 -9999 -9999 -9999 -9999 -9999 -9999 -9999 -9999 -9999 7 7 58 7 7 10 10 1 10 50 46 60 64 60 61 48 56 6 6 58 58 59 60 56 54 56 59 6 7 6 7 7 60 59 7 5 7 3 5 5 7 58 58 4 7 5 60 51 49 58 7 7 58 7 7 7 4 7 3 1 63 5 1 5 10 64 63 6 59 58 59
-9999 -9999 -9999 -9999 -9999 -9999 -9999 -9999 -9999 -9999 -9999 -9999 -9999 -9999 -9999 -9999 -9999 -9999 -9999 -9999 -9999 -9999 -9999 -9999 -9999 58 58 58 7 7 2 3 3 10 50 50 50 63 46 50 48 50 62 6 7 59 63 54 56 51 53 59 7 5 7 7 5 60 61 6 5 6 7 7 6 6 6 7 3 7 7 6 7 7 7 7 58 6 7 7 7 7 7 5 58 61 3 9 10 2 3 6 58 19 19 49
-9999 -9999 -9999 -9999 -9999 -9999 -9999 -9999 -9999 -9999 -9999 -9999 -9999 -9999 -9999 -9999 -9999 -9999 -9999 -9999 -9999 -9999 -9999 -9999 -9999 58 58 7 7 7 7 7 3 5 61 63 63 61 61 48 56 61 4 7 7 62 62 56 57 60 58 59 5 7 7 7 60 61 60 5 7 7 7 7 6 6 5 5 7 4 7 7 7 7 58 52 58 7 7 7 7 7 58 59 58 59 52 63 5 6 4 7 58 58 22 58
-9999 -9999 -9999 -9999 -9999 -9999 -9999 -9999 -9999 -9999 -9999 -9999 -9999 -9999 -9999 -9999 -9999 -9999 -9999 -9999 -9999 -9999 -9999 -9999 -9999 58 58 7 7 7 7 7 7 7 58 58 58 58 61 64 58 7 7 7 4 61 64 48 57 46 58 7 5 6 6 6 60 59 7 7 7 7 7 6 4 6 5 5 5 2 7 7 6 7 58 58 58 7 7 7 58 58 49 51 59 60 49 60 59 6 6 2 5 58 49 58
-9999 -9999 -9999 -9999 -9999 -9999 -9999 -9999 -9999 -9999 -9999 -9999 -9999 -9999 -9999 -9999 -9999 -9999 -9999 -9999 -9999 -9999 -9999 -9999 -9999 58 7 7 7 7 7 7 7 7 58 58 58 58 58 58 58 7 5 6 61 63 55 48 57 60 7 7 5 6 5 5 6 6 6 7 7 6 7 7 6 7 6 6 6 4 7 7 7 7 58 58 7 7 7 7 7 58 49 53 59 58 59 54 52 7 6 7 7 7 58 58
-9999 -9999 -9999 -9999 -9999 -9999 -9999 -9999 -9999 -9999 -9999 -9999 -9999 -9999 -9999 -9999 -9999 -9999 -9999 -9999 -9999 -9999 -9999 -9999 -9999 58 7 7 7 7 7 7 7 7 7 58 58 58 58 58 58 7 7 6 63 63 64 64 64 60 7 4 3 62 5 61 4 4 3 7 7 7 6 6 6 2 7 5 10 7 7 7 7 7 7 7 7 7 7 7 7 7 58 7 7 7 7 49 49 59 6 7 7 6 58 58
-9999 -9999 -9999 -9999 -9999 -9999 -9999 -9999 -9999 -9999 -9999 -9999 -9999 -9999 -9999 -9999 -9999 -9999 -9999 -9999 -9999 -9999 -9999 -9999 58 58 7 7 7 7 7 7 7 7 7 58 58 58 58 58 58 7 7 7 5 60 62 62 60 3 5 3 61 61 61 4 5 6 6 7 5 5 6 7 4 7 6 10 6 7 7 7 7 7 7 6 7 6 3 6 5 58 58 7 7 7 7 49 67 49 58 7 7 6 7 7
-9999 -9999 -9999 -9999 -9999 -9999 -9999 -9999 -9999 -9999 -9999 -9999 -9999 -9999 -9999 -9999 -9999 -9999 -9999 -9999 -9999 -9999 -9999 -9999 58 7 7 7 7 7 7 7 7 7 7 58 58 58 58 58 58 7 7 7 6 7 5 60 59 6 7 5 4 3 4 3 4 6 5 5 6 7 6 4 1 7 7 7 7 7 7 6 7 5 5 6 59 4 60 62 11 11 22 7 7 7 7 7 52 59 58 58 7 7 7 7
-9999 -9999 -9999 -9999 -9999 -9999 -9999 -9999 -9999 -9999 -9999 -9999 -9999 -9999 -9999 -9999 -9999 -9999 -9999 -9999 -9999 -9999 -9999 -9999 49 7 7 7 7 7 7 7 7 7 7 58 58 58 58 58 58 7 7 7 4 6 62 6 6 6 7 6 7 5 2 4 4 4 3 6 5 6 6 3 1 7 7 7 7 7 6 5 6 58 58 6 61 52 19 73 18 15 63 6 64 61 5 7 7 4 58 58 7 7 7 6
-9999 -9999 -9999 -9999 -9999 -9999 -9999 -9999 -9999 -9999 -9999 -9999 -9999 -9999 -9999 -9999 -9999 -9999 -9999 -9999 -9999 -9999 -9999 -9999 49 58 7 7 7 7 7 7 7 7 7 58 58 58 58 58 58 7 7 5 5 1 4 5 6 7 6 6 7 7 6 6 5 2 3 2 6 6 6 3 7 7 7 7 7 7 6 52 60 54 53 51 58 52 19 33 33 74 22 1 53 67 20 49 7 7 7 58 59 7 7 7
-9999 -9999 -9999 -9999 -9999 -9999 -9999 -9999 -9999 -9999 -9999 -9999 -9999 -9999 -9999 -9999 -9999 -9999 -9999 -9999 -9999 -9999 -9999 -9999 58 58 7 7 7 7 7 7 7 7 7 7 58 58 58 62 60 5 6 4 2 1 5 6 6 7 6 7 7 7 6 6 2 2 2 2 3 6 6 7 7 7 7 7 7 6 51 56 23 20 25 25 54 51 52 17 19 23 91 4 4 76 22 49 52 51 6 7 49 58 7 7
-9999 -9999 -9999 -9999 -9999 -9999 -9999 -9999 -9999 -9999 -9999 -9999 -9999 -9999 -9999 -9999 -9999 -9999 -9999 -9999 -9999 -9999 -9999 -9999 58 7 7 7 7 7 7 7 7 4 5 5 7 58 60 59 62 63 5 5 5 64 6 6 7 6 6 7 6 7 10 9 10 5 2 7 4 6 7 6 7 7 6 7 5 59 49 53 72 71 25 25 62 58 7 7 63 71 14 63 3 67 51 54 51 4 7 7 58 22 7 7
-9999 -9999 -9999 -9999 -9999 -9999 -9999 -9999 -9999 -9999 -9999 -9999 -9999 -9999 -9999 -9999 -9999 -9999 -9999 -9999 -9999 -9999 -9999 58 58 7 7 7 7 7 7 7 4 4 5 5 6 6 6 61 62 61 5 6 4 6 6 6 7 6 6 7 5 7 3 9 10 58 7 7 5 6 7 6 6 7 7 6 6 60 53 71 73 70 74 25 54 56 59 7 54 24 14 55 46 63 18 7 6 7 5 7 6 6 59 59
-9999 -9999 -9999 -9999 -9999 -9999 -9999 -9999 -9999 -9999 -9999 -9999 -9999 -9999 -9999 -9999 -9999 -9999 -9999 -9999 -9999 -9999 -9999 58 7 7 7 7 7 7 7 7 5 5 5 5 5 6 60 59 64 5 5 6 7 6 6 5 6 6 6 5 6 4 4 10 64 7 1 4 7 7 5 6 7 7 7 59 51 71 70 71 76 75 75 76 25 56 61 59 7 64 26 54 62 62 20 6 6 7 7 5 5 6 6 61
-9999 -9999 -9999 -9999 -9999 -9999 -9999 -9999 -9999 -9999 -9999 -9999 -9999 -9999 -9999 -9999 -9999 -9999 -9999 -9999 -9999 -9999 -9999 7 7 7 7 7 7 7 7 7 5 5 5 5 5 3 59 5 5 6 6 6 7 6 7 6 6 6 6 5 4 6 4 3 3 7 7 7 7 7 6 6 7 7 7 53 75 74 75 72 76 54 70 75 25 67 54 59 7 3 67 12 61 53 12 7 60 52 58 3 51 4 3 6
-9999 -9999 -9999 -9999 -9999 -9999 -9999 -9999 -9999 -9999 -9999 -9999 -9999 -9999 -9999 -9999 -9999 -9999 -9999 -9999 -9999 -9999 -9999 7 7 7 7 7 7 7 10 4 5 5 6 5 4 5 4 6 6 6 6 6 6 7 6 6 7 7 6 5 6 60 59 6 7 7 7 7 7 6 6 6 7 60 58 70 11 75 19 67 56 56 75 76 26 11 51 61 6 6 58 22 19 18 12 58 58 3 49 6 2 56 51 53
-9999 -9999 -9999 -9999 -9999 -9999 -9999 -9999 -9999 -9999 -9999 -9999 -9999 -9999 -9999 -9999 -9999 -9999 -9999 -9999 -9999 -9999 -9999 7 7 7 7 7 7 9 10 3 4 6 6 5 5 60 59 5 6 6 6 7 6 7 7 7 7 6 7 5 6 7 7 6 7 6 6 6 6 6 7 7 61 26 51 51 52 49 49 51 51 26 76 76 71 11 20 51 6 6 7 58 58 12 67 7 5 52 54 56 53 13 25 56
-9999 -9999 -9999 -9999 -9999 -9999 -9999 -9999 -9999 -9999 -9999 -9999 -9999 -9999 -9999 -9999 -9999 -9999 -9999 -9999 -9999 -9999 58 7 7 7 7 7 7 9 10 10 4 6 6 5 5 59 59 5 6 5 6 6 6 7 7 6 7 7 7 7 7 6 7 7 6 6 7 7 6 7 7 3 26 20 49 59 59 58 19 52 59 52 12 76 29 76 17 56 60 6 7 7 7 67 19 6 61 48 25 26 67 55 73 48
-9999 -9999 -9999 -9999 -9999 -9999 -9999 -9999 -9999 -9999 -9999 -9999 -9999 -9999 -9999 -9999 -9999 -9999 -9999 -9999 -9999 -9999 7 7 7 7 7 7 65 65 10 10 4 6 6 5 5 59 6 5 6 6 6 7 6 7 7 6 7 7 7 7 7 7 7 7 7 6 6 6 6 4 62 61 25 19 52 58 59 52 59 54 59 64 12 90 31 76 70 51 54 6 7 7 7 7 59 7 52 54 70 12 73 76 76 73
-9999 -9999 -9999 -9999 -9999 -9999 -9999 -9999 -9999 -9999 -9999 -9999 -9999 -9999 -9999 -9999 -9999 -9999 -9999 -9999 -9999 -9999 7 7 7 7 7 65 65 65 10 10 3 6 7 5 5 59 6 6 6 2 7 7 7 7 7 6 7 7 7 7 7 7 7 7 7 7 7 6 5 64 54 62 26 20 22 49 59 19 60 58 58 58 11 29 89 74 31 75 12 54 7 7 7 7 58 58 49 22 12 71 75 75 76 12
-9999 -9999 -9999 -9999 -9999 -9999 -9999 -9999 -9999 -9999 -9999 -9999 -9999 -9999 -9999 -9999 -9999 -9999 -9999 -9999 -9999 -9999 7 7 7 7 7 7 65 65 9 10 3 5 6 5 60 6 6 6 5 6 6 7 7 7 6 6 6 7 7 7 7 7 7 7 6 7 7 5 5 56 11 25 19 19 19 49 59 58 59 58 58 59 77 28 81 32 75 74 75 11 51 49 51 49 7 58 49 22 70 90 91 90 11 90
-9999 -9999 -9999 -9999 -9999 -9999 -9999 -9999 -9999 -9999 -9999 -9999 -9999 -9999 -9999 -9999 -9999 -9999 -9999 -9999 -9999 -9999 7 7 7 7 7 7 65 65 9 10 10 5 6 5 61 6 6 6 6 6 6 7 6 6 6 6 7 7 7 7 7 7 7 7 7 7 7 60 62 52 11 11 18 12 12 67 22 52 58 58 58 7 66 83 67 62 67 75 74 75 19 76 20 25 22 20 76 22 17 75 91 91 31 44
-9999 -9999 -9999 -9999 -9999 -9999 -9999 -9999 -9999 -9999 -9999 -9999 -9999 -9999 -9999 -9999 -9999 -9999 -9999 -9999 -9999 -9999 7 7 7 7 7 7 65 65 65 10 10 5 6 6 61 6 7 6 6 6 7 6 6 7 7 7 7 7 7 7 7 7 7 7 7 7 7 6 60 26 18 12 11 67 12 75 12 19 19 58 58 7 7 58 49 45 36 39 32 30 74 91 76 75 75 76 86 76 75 76 29 74 44 84
-9999 -9999 -9999 -9999 -9999 -9999 -9999 -9999 -9999 -9999 -9999 -9999 -9999 -9999 -9999 -9999 -9999 -9999 -9999 -9999 -9999 7 7 7 7 7 7 7 7 7 65 10 1 5 6 6 61 6 6 7 7 6 7 7 6 7 7 7 7 7 7 7 7 7 7 6 6 5 59 59 53 25 11 67 74 89 76 91 19 52 22 22 7 7 7 57 57 24 38 82 30 33 33 32 91 91 90 74 32 32 42 69 81 81 33 69
-9999 -9999 -9999 -9999 -9999 -9999 -9999 -9999 -9999 -9999 -9999 -9999 -9999 -9999 -9999 -9999 -9999 -9999 -9999 -9999 -9999 7 7 7 7 7 7 7 7 7 65 9 2 5 5 59 61 5 59 7 7 6 7 6 6 7 7 7 7 7 58 7 7 7 7 6 6 59 59 52 52 18 11 12 91 86 32 87 22 51 58 58 58 7 7 17 25 15 44 87 11 32 75 -9999 7 33 70 89 67 74 89 44 81 80 79 79
-9999 -9999 -9999 -9999 -9999 -9999 -9999 -9999 -9999 -9999 -9999 -9999 -9999 -9999 -9999 -9999 -9999 -9999 -9999 -9999 -9999 7 7 7 7 7 7 7 7 7 65 65 7 7 5 59 61 5 59 58 7 6 6 6 7 6 7 7 7 6 7 7 7 7 7 59 59 59 61 52 52 11 19 89 29 68 39 73 67 22 58 58 58 58 48 58 54 25 58 -9999 7 7 7 7 74 72 39 39 40 74 89 44 44 74 75 74
-9999 -9999 -9999 -9999 -9999 -9999 -9999 -9999 -9999 -9999 -9999 -9999 -9999 -9999 -9999 -9999 -9999 -9999 -9999 -9999 -9999 7 7 7 7 7 7 7 65 7 65 65 46 7 5 59 61 5 59 58 6 6 5 6 6 6 7 7 7 7 7 7 7 58 49 59 49 19 19 49 52 51 20 40 37 42 31 19 49 49 58 58 52 58 58 7 7 7 7 7 7 7 -9999 7 7 58 49 49 33 58 22 22 74 74 74 74
-9999 -9999 -9999 -9999 -9999 -9999 -9999 -9999 -9999 -9999 -9999 -9999 -9999 -9999 -9999 -9999 -9999 -9999 -9999 -9999 -9999 7 7 7 7 4 2 7 7 65 65 65 92 1 5 5 60 61 59 59 5 61 5 7 6 61 7 7 58 58 58 58 58 58 58 59 52 19 51 49 20 19 38 40 41 33 90 58 49 58 58 58 59 59 7 7 7 7 7 7 7 7 -9999 -9999 7 7 7 7 49 58 49 52 49 12 19 67
-9999 -9999 -9999 -9999 -9999 -9999 -9999 -9999 -9999 -9999 -9999 -9999 -9999 -9999 -9999 -9999 -9999 -9999 -9999 -9999 -9999 7 7 7 7 4 3 7 7 7 65 65 92 10 1 5 5 61 4 4 61 60 7 7 6 58 4 7 7 58 58 58 58 58 59 52 19 19 52 49 19 20 37 41 27 19 49 7 58 49 49 58 60 6 7 7 7 7 7 7 7 7 -9999 -9999 7 7 7 7 7 58 49 58 58 58 7 58
-9999 -9999 -9999 -9999 -9999 -9999 -9999 -9999 -9999 -9999 -9999 -9999 -9999 -9999 -9999 -9999 -9999 -9999 -9999 -9999 -9999 7 7 7 7 3 2 7 7 7 7 65 65 65 1 1 7 59 60 60 59 6 7 6 6 3 7 58 58 58 58 58 58 49 52 52 25 51 54 25 19 73 30 76 26 19 5 7 58 49 59 7 7 6 5 7 7 7 7 7 7 7 -9999 -9999 7 7 7 7 7 7 58 7 7 7 7 7
-9999 -9999 -9999 -9999 -9999 -9999 -9999 -9999 -9999 -9999 -9999 -9999 -9999 -9999 -9999 -9999 -9999 -9999 -9999 -9999 58 7 7 7 7 7 7 7 7 7 7 65 65 65 9 1 7 5 5 59 6 6 6 6 5 60 58 58 58 58 58 49 49 49 52 52 52 54 49 20 76 12 18 23 54 6 7 7 7 58 7 7 7 7 7 7 7 58 7 7 7 7 7 7 7 7 7 7 7 7 7 7 7 7 7 7
-9999 -9999 -9999 -9999 -9999 -9999 -9999 -9999 -9999 -9999 -9999 -9999 -9999 -9999 -9999 -9999 -9999 -9999 -9999 -9999 58 58 7 7 7 7 7 7 7 7 7 7 50 92 7 7 7 2 6 6 6 6 3 4 3 63 61 49 49 49 49 49 49 49 49 52 51 52 49 49 54 20 20 19 58 7 7 7 7 7 7 7 5 4 7 7 7 7 7 7 7 7 7 7 7 7 7 7 7 7 7 7 7 -9999 -9999 7
-9999 -9999 -9999 -9999 -9999 -9999 -9999 -9999 -9999 -9999 -9999 -9999 -9999 -9999 -9999 -9999 -9999 -9999 -9999 -9999 58 58 7 7 7 7 7 7 7 7 7 7 7 58 58 58 7 7 2 2 2 5 6 5 61 59 51 52 52 49 49 49 49 49 49 49 52 51 34 19 12 11 49 49 49 7 7 7 7 7 5 7 6 58 6 7 7 7 7 7 7 7 7 7 7 7 7 7 7 7 7 7 7 -9999 -9999 -9999
-9999 -9999 -9999 -9999 -9999 -9999 -9999 -9999 -9999 -9999 -9999 -9999 -9999 -9999 -9999 -9999 -9999 -9999 -9999 -9999 58 58 7 7 7 7 7 7 7 7 7 7 7 58 58 58 58 58 46 2 2 10 1 6 10 60 56 51 52 52 49 49 49 49 49 49 49 21 14 20 67 11 52 58 7 7 7 7 7 6 6 6 58 6 7 7 7 7 7 7 7 7 7 7 7 7 7 7 7 7 -9999 -9999 -9999 -9999 -9999 -9999
-9999 -9999 -9999 -9999 -9999 -9999 -9999 -9999 -9999 -9999 -9999 -9999 -9999 -9999 -9999 -9999 -9999 -9999 -9999 -9999 58 58 7 7 7 7 7 7 7 7 7 7 7 7 58 58 58 58 92 64 9 1 10 10 4 51 24 26 52 52 52 52 54 49 49 49 20 26 25 54 22 49 7 7 7 7 7 7 7 6 6 4 6 7 7 7 7 7 7 7 7 7 7 7 7 7 7 -9999 -9999 -9999 -9999 -9999 -9999 -9999 -9999 -9999
-9999 -9999 -9999 -9999 -9999 -9999 -9999 -9999 -9999 -9999 -9999 -9999 -9999 -9999 -9999 -9999 -9999 -9999 -9999 -9999 58 58 7 7 7 7 7 7 7 7 7 7 7 7 7 7 58 92 92 64 64 92 64 61 54 54 24 54 54 51 54 52 54 54 49 52 25 25 51 52 49 7 7 7 7 7 7 7 7 7 6 6 7 7 7 7 7 7 7 7 7 7 7 7 7 -9999 -9999 -9999 -9999 -9999 -9999 -9999 -9999 -9999 -9999 -9999
-9999 -9999 -9999 -9999 -9999 -9999 -9999 -9999 -9999 -9999 -9999 -9999 -9999 -9999 -9999 -9999 -9999 -9999 -9999 -9999 58 58 7 7 7 7 7 7 7 7 7 7 7 7 7 7 58 92 58 92 92 92 34 13 21 66 78 72 76 55 53 51 52 52 19 20 25 12 20 7 7 7 7 7 7 7 7 7 7 6 7 7 7 7 7 7 7 7 7 7 7 7 -9999 -9999 -9999 -9999 -9999 -9999 -9999 -9999 -9999 -9999 -9999 -9999 -9999 -9999
